<?xml version="1.0"?>
<opencv_storage>
<intrinsic type_id="opencv-matrix">
  <rows>3</rows>
  <cols>3</cols>
  <dt>d</dt>
  <data>
    1.2842383550111286e+05 0. 2.6850591149503919e+02 0.
    5.8169483656525757e+04 3.0717827730372335e+02 0. 0. 1.</data></intrinsic>
<distortion type_id="opencv-matrix">
  <rows>1</rows>
  <cols>5</cols>
  <dt>d</dt>
  <data>
    -3.7008328354201376e+03 1.0177784014368475e+04
    -1.4019570948347788e+01 9.5760684302676022e+00
    5.7827493642534172e+01</data></distortion>
</opencv_storage>
